probInfected,probTreatment,contagion,infectiousness,sexOnInfection,sexOnVaccine,vaccineOnInfection,promiscuityPopulation
0.0001,0.0003,0.5,0.5,3,3,3,0.1
0.001,0.0003,0.5,0.5,3,3,3,0.1
0.0001,0.001,0.5,0.5,3,3,3,0.1
0.0001,0.0003,0.9,0.5,3,3,3,0.1
0.0001,0.0003,0.5,0.5,6,3,3,0.1
0.0001,0.0003,0.5,0.5,3,6,3,0.1
0.0001,0.0003,0.5,0.5,3,3,3,0.1
0.001,0.0003,0.5,0.5,3,3,3,0.1
0.0001,0.001,0.5,0.5,3,3,3,0.1
0.0001,0.0003,0.9,0.5,3,3,3,0.1
0.0001,0.0003,0.5,0.5,6,3,3,0.1
0.0001,0.0003,0.5,0.5,3,6,3,0.1
